100 1000
84 87 78 2 0
36 87 93 2 1
63 28 91 2 1
27 41 27 1 1
12 69 68 2 1
31 63 24 2 1
30 3 23 1 1
68 94 57 2 1
30 74 22 2 1
38 99 25 2 1
14 27 92 1 1
74 63 71 1 1
6 26 85 2 1
6 47 30 2 1
25 96 83 2 1
68 35 65 2 1
88 9 77 1 1
85 4 52 1 0
33 61 77 1 1
13 27 87 1 1
96 71 35 1 1
2 98 3 2 0
53 57 2 1 1
42 66 90 1 1
41 30 32 2 0
72 82 76 2 1
68 57 98 2 1
66 7 84 2 1
29 72 33 2 1
20 71 69 1 1
41 50 97 2 1
46 47 52 2 1
80 89 65 1 1
51 94 1 1 1
25 15 88 1 1
92 28 66 2 1
33 52 38 1 1
8 75 22 1 0
30 38 36 2 1
29 44 12 1 1
77 5 44 2 1
39 7 41 1 1
29 89 70 2 1
97 25 44 1 1
91 100 73 2 1
91 6 40 1 1
70 83 43 1 0
8 56 5 1 1
23 29 100 2 1
69 41 23 2 1
6 2 62 1 1
6 21 37 1 1
23 66 9 1 1
59 25 38 1 1
1 37 53 2 1
51 69 72 2 1
82 31 34 1 1
64 100 82 2 0
60 74 14 1 0
96 27 67 1 1
91 85 77 1 1
8 46 57 2 1
88 13 49 1 1
10 37 11 1 1
7 2 14 1 1
56 20 100 2 1
40 12 41 2 1
29 28 51 1 1
21 25 23 2 0
85 93 73 1 1
26 86 23 2 1
43 99 14 1 0
25 91 10 2 1
37 33 56 1 1
80 70 74 1 1
56 61 43 2 1
94 6 22 2 1
14 62 55 1 1
45 3 3 1 1
22 43 69 1 1
73 9 59 1 1
9 54 49 2 1
34 49 91 1 1
47 69 30 1 1
89 98 50 1 1
34 64 98 2 0
87 26 53 1 1
89 58 30 1 1
15 22 61 1 1
28 51 49 1 1
95 98 100 2 1
3 29 4 1 1
48 39 60 2 1
35 40 93 2 1
5 30 50 1 1
30 44 36 2 1
39 72 50 2 1
89 93 96 2 1
30 91 83 1 1
70 27 33 2 1
61 18 24 2 1
10 91 26 1 1
78 35 91 1 1
58 15 69 2 1
13 87 1 1 1
95 17 53 1 1
47 91 48 1 1
81 32 94 2 1
15 56 13 1 1
80 11 70 2 1
56 42 21 2 1
89 39 67 1 1
57 18 7 1 1
38 6 60 2 1
46 84 74 1 1
38 90 84 2 1
72 30 1 2 1
39 26 89 1 1
58 82 94 1 1
100 18 40 2 1
23 95 74 2 1
63 83 91 1 0
58 16 22 2 1
92 48 52 2 1
38 41 55 1 0
26 82 17 1 1
32 40 97 1 1
81 19 22 1 1
13 80 78 2 1
84 8 60 2 1
100 12 28 1 1
61 19 6 2 1
45 12 6 1 0
76 56 15 2 1
94 19 6 1 1
83 18 31 2 1
27 94 87 2 1
75 15 14 2 1
63 76 89 2 1
33 95 18 1 1
38 92 54 2 1
29 26 92 1 1
18 37 64 2 0
59 31 5 2 1
34 86 90 2 1
52 6 51 1 1
86 7 96 2 1
21 68 27 2 1
97 82 66 1 1
56 71 19 2 1
33 97 80 2 1
85 73 28 1 1
84 73 99 1 1
48 51 31 2 1
60 23 48 1 1
36 33 5 1 1
99 87 41 1 1
84 42 49 2 1
73 23 55 2 1
58 66 48 2 1
70 19 2 2 1
34 8 60 1 1
98 21 85 1 1
99 92 77 1 1
53 72 90 2 1
11 17 25 2 1
1 79 10 2 1
15 39 90 1 1
48 24 88 2 1
23 82 76 1 1
91 55 51 2 1
58 95 82 2 1
21 34 83 2 1
16 97 26 1 1
93 52 98 1 1
82 7 16 2 1
96 100 63 2 1
77 55 78 2 1
33 83 22 1 1
61 83 12 2 1
86 31 91 2 1
77 17 21 1 1
29 40 26 1 1
44 38 29 1 1
11 56 89 2 1
71 38 54 1 1
84 51 58 2 1
72 52 50 1 1
40 99 89 1 0
78 91 77 2 1
32 88 78 2 1
67 53 18 2 1
69 99 85 2 1
6 67 29 1 1
9 94 79 2 1
73 75 46 1 1
98 84 13 2 1
22 94 35 2 1
22 60 86 2 1
62 63 73 2 1
53 51 63 1 0
18 55 74 2 1
52 65 91 2 0
73 38 38 2 1
72 81 88 1 0
42 71 53 2 1
70 18 62 2 1
13 1 7 1 1
65 90 33 1 1
76 80 42 1 1
70 37 71 1 1
61 50 15 2 1
27 87 84 2 1
36 53 22 2 0
90 10 32 2 1
36 49 96 2 1
34 99 50 2 1
94 69 57 1 1
24 87 72 1 1
41 46 82 2 0
24 51 1 1 1
65 43 25 2 1
90 45 70 1 1
77 84 20 2 1
5 57 82 2 1
12 68 13 1 1
3 69 32 1 1
8 19 17 2 1
88 73 74 2 1
26 34 98 1 1
42 54 27 1 1
94 86 49 2 1
30 60 99 1 1
25 20 81 2 1
11 81 27 2 1
41 9 24 1 1
94 32 11 1 1
91 14 92 1 1
22 68 30 2 1
44 96 100 1 1
55 87 70 1 1
11 74 31 2 1
88 80 95 2 0
52 40 65 1 1
87 16 50 2 1
82 12 35 2 1
23 88 74 2 1
43 55 45 1 1
60 64 19 2 1
70 6 5 2 0
35 20 16 2 1
54 70 51 2 1
38 63 90 1 1
61 5 12 2 1
4 17 93 2 1
6 44 80 2 1
79 48 1 2 1
88 100 52 2 1
54 27 49 1 1
7 8 93 2 1
22 21 81 1 0
55 24 38 2 1
18 13 32 2 1
66 57 9 2 1
96 23 72 2 1
60 2 77 1 1
41 26 44 1 0
90 28 67 1 1
51 97 25 2 1
87 100 71 1 1
16 42 43 2 1
64 99 91 2 1
14 32 29 2 1
72 47 84 1 1
96 41 22 1 1
35 59 26 1 1
46 73 47 2 1
84 4 62 2 1
17 40 75 1 0
31 68 95 2 1
20 61 51 1 1
77 80 91 2 1
96 99 8 2 1
71 77 41 1 1
84 1 93 2 0
41 40 64 2 1
74 7 65 2 1
50 52 31 2 1
66 87 3 2 1
8 85 32 2 1
32 54 29 2 0
20 44 82 2 1
88 40 44 1 1
95 21 81 1 1
19 53 64 1 0
11 6 80 1 1
99 26 73 1 1
67 98 49 2 1
17 87 13 2 1
1 54 98 1 1
36 52 8 1 1
55 62 7 1 1
26 85 29 2 1
34 16 61 2 1
86 98 1 2 1
30 50 14 2 1
17 15 86 2 1
87 31 27 1 1
30 70 53 2 1
16 96 34 1 1
48 14 27 1 1
87 30 64 1 1
98 17 76 1 1
41 21 27 1 1
95 100 35 1 1
54 63 4 1 1
33 35 8 1 1
70 97 16 1 0
25 83 66 2 1
62 44 38 2 1
3 82 61 1 1
21 42 94 1 1
36 9 63 1 1
97 64 67 2 1
16 88 35 1 0
34 40 81 1 0
14 55 83 1 1
24 39 52 2 1
12 66 69 2 1
84 100 78 2 1
65 70 47 2 1
92 41 12 2 1
58 37 94 2 1
21 15 72 2 1
97 35 84 1 1
98 1 68 1 1
34 91 58 1 1
30 24 91 1 1
36 23 41 1 1
56 40 67 2 1
54 61 53 1 1
5 88 84 1 1
27 98 6 2 1
29 70 71 2 0
21 64 22 1 1
17 68 24 1 0
12 36 54 2 1
63 69 96 1 1
69 77 10 2 1
88 55 74 2 1
97 45 43 1 1
10 56 48 1 1
35 60 82 1 1
2 39 72 2 1
100 23 85 2 1
91 81 72 2 1
1 21 1 1 1
13 5 8 2 1
26 95 18 1 1
91 61 27 1 1
38 66 49 2 1
10 64 1 1 1
5 34 59 1 1
11 69 32 2 1
42 47 75 1 1
11 2 66 2 1
91 27 33 1 0
6 1 63 2 1
49 62 18 2 1
98 70 39 1 1
19 71 86 1 1
44 1 51 2 1
89 21 91 1 1
48 26 84 2 0
43 31 92 2 1
21 55 39 1 0
31 23 35 2 1
95 81 9 1 1
46 85 23 2 1
58 36 3 1 1
97 87 31 1 1
52 13 57 2 1
49 73 29 1 1
89 77 38 2 1
40 95 6 1 1
83 24 70 1 1
18 85 54 2 1
55 51 37 1 0
43 59 65 2 1
22 12 70 1 1
91 3 56 2 1
90 82 40 1 1
7 76 2 2 1
79 66 78 1 1
70 62 35 2 1
28 7 100 2 1
61 40 71 2 1
87 9 68 2 1
37 36 94 2 1
20 68 13 1 1
41 18 96 1 1
32 3 9 1 1
26 43 91 2 1
77 35 70 2 1
36 32 52 1 1
89 62 97 1 1
15 70 29 1 1
83 26 83 2 1
78 24 50 1 1
36 61 47 2 1
29 50 100 1 1
14 77 64 1 0
85 95 60 1 1
85 72 10 1 1
85 40 91 2 1
51 82 27 1 1
29 79 65 2 1
54 45 35 2 1
78 6 58 1 1
35 73 66 2 1
66 33 50 2 1
77 59 2 1 1
64 83 39 2 1
97 34 59 1 1
70 8 60 2 0
2 14 68 1 1
30 36 93 2 1
13 8 54 2 1
14 29 97 2 1
11 100 42 2 1
96 91 90 1 1
37 9 83 1 1
96 34 15 2 1
58 52 25 1 1
94 35 27 2 1
67 7 90 1 1
61 41 83 2 1
49 96 91 2 1
67 68 64 1 0
9 91 69 2 1
94 56 2 2 1
11 52 92 1 1
48 49 76 2 1
1 30 52 1 1
2 65 65 2 1
56 12 34 1 1
41 97 60 1 1
11 29 47 2 1
95 25 57 1 1
86 54 20 2 1
81 25 20 1 1
45 4 31 2 1
87 71 95 2 1
53 9 87 1 1
14 45 31 2 1
8 59 1 1 1
54 80 8 1 1
11 3 5 1 1
27 3 87 2 1
47 24 5 2 1
2 34 11 1 0
70 1 72 1 1
82 57 88 1 1
63 52 84 1 1
24 46 15 2 1
73 8 58 2 1
95 31 45 2 1
38 27 79 1 1
87 42 85 2 1
66 40 34 1 1
45 24 56 1 1
90 84 45 1 1
43 1 51 1 1
29 51 50 1 1
43 42 15 1 1
55 10 59 1 1
82 20 17 1 1
7 64 19 2 1
71 2 78 2 1
29 13 87 2 1
80 84 80 2 1
90 48 54 2 1
25 12 100 1 1
15 44 27 1 1
33 8 97 2 1
26 42 32 2 1
87 95 95 2 1
84 59 83 2 1
16 14 18 1 0
42 7 65 2 1
24 32 53 1 1
46 26 25 1 1
72 3 81 1 1
92 90 75 1 1
71 39 42 1 1
49 19 67 1 1
51 43 85 2 1
62 36 97 1 1
99 57 14 2 1
55 63 45 1 1
58 33 41 2 1
72 100 5 2 1
47 40 85 1 1
73 44 87 1 1
93 19 77 2 1
76 64 16 2 1
70 78 10 2 1
96 33 32 1 1
21 47 14 1 1
65 29 25 1 1
45 95 19 1 1
73 48 68 2 1
94 10 49 1 1
56 60 51 2 1
49 43 89 2 1
69 55 9 2 0
4 88 71 2 1
4 41 72 1 1
42 28 79 1 1
27 66 100 1 1
68 59 33 1 1
88 77 31 1 1
52 73 43 1 1
7 81 23 2 1
29 77 10 2 1
27 39 59 2 1
69 82 47 1 1
75 59 15 1 1
40 57 55 2 1
35 58 61 2 1
47 65 84 2 1
38 34 43 1 1
1 69 17 1 1
38 22 60 2 1
44 76 78 1 1
98 94 18 2 1
25 18 67 1 1
67 94 60 1 1
47 31 96 1 1
17 97 14 1 1
24 7 61 1 1
18 35 40 1 1
50 94 19 1 1
6 5 14 1 1
45 88 5 2 1
2 27 49 2 1
55 40 97 2 1
12 27 81 1 1
33 53 58 2 1
62 61 51 2 1
54 72 41 2 1
49 11 12 1 1
78 62 64 1 1
27 55 40 1 1
78 3 28 1 1
81 76 47 1 1
95 1 24 1 0
89 97 20 2 1
94 26 55 1 1
61 88 83 1 1
60 3 84 1 1
38 68 35 1 1
10 70 26 2 1
74 71 59 2 1
84 40 65 1 1
4 69 77 1 1
67 38 5 2 1
93 95 18 2 1
39 1 8 2 1
78 58 60 2 0
51 58 79 1 1
48 32 45 1 1
12 93 99 1 1
22 61 72 1 1
80 81 88 1 1
14 64 37 1 1
29 75 67 2 1
28 59 61 2 1
74 36 30 1 1
59 46 16 1 1
4 62 69 1 1
1 56 63 1 1
72 18 59 1 1
88 18 35 2 1
71 73 28 2 0
83 11 95 1 0
83 54 54 1 1
53 55 56 1 0
87 39 61 1 1
89 84 46 1 1
38 45 8 2 0
56 48 7 2 0
3 4 39 1 1
93 6 22 2 0
12 96 89 2 1
24 37 58 1 1
3 66 92 1 1
23 89 59 2 0
62 96 41 1 1
98 42 76 2 1
45 59 53 2 1
11 60 71 2 1
73 1 41 1 1
81 39 32 2 0
80 64 20 2 1
13 47 55 2 1
84 63 29 2 0
55 67 30 1 1
30 97 19 2 1
1 8 19 2 1
38 29 91 2 1
9 6 18 1 1
58 70 82 2 1
100 37 80 2 1
28 8 74 1 1
13 9 75 1 1
5 20 57 1 1
40 7 13 1 1
98 66 98 1 1
73 30 62 2 1
32 84 78 1 0
45 70 53 1 1
29 27 24 1 1
31 76 80 1 1
60 92 50 2 1
75 82 3 2 1
73 67 21 2 1
12 46 44 2 1
48 44 94 1 1
18 5 8 1 0
92 9 90 2 1
63 68 51 1 1
88 41 73 2 1
39 43 39 2 1
83 51 64 1 1
17 66 66 1 1
59 42 21 2 0
32 29 52 1 1
98 14 60 2 1
17 33 87 1 0
1 86 15 2 1
80 39 78 2 0
19 58 74 1 1
5 94 26 2 1
50 6 49 2 1
82 40 40 1 0
78 92 65 1 1
56 9 61 2 1
41 16 82 2 0
90 70 40 1 1
97 95 24 1 1
15 62 5 2 1
96 22 70 2 1
78 30 81 2 0
58 97 67 1 1
59 80 3 2 1
25 47 73 2 1
48 62 78 2 1
17 99 41 2 1
17 67 50 1 1
49 6 70 1 0
52 78 76 2 1
54 31 73 2 1
89 73 44 1 1
62 87 27 2 1
95 71 90 1 1
63 97 25 1 1
21 36 41 2 0
19 1 23 2 1
5 84 51 2 1
79 9 88 1 1
48 3 67 2 1
51 59 99 2 1
99 30 70 1 1
13 77 9 2 1
56 50 9 2 1
65 78 52 2 1
55 15 13 1 1
91 71 69 2 1
72 40 90 1 1
18 54 52 2 1
53 56 24 2 1
2 93 40 1 1
20 17 70 2 1
11 50 56 2 0
48 43 84 2 1
89 8 12 1 1
20 72 53 2 1
97 31 88 2 1
66 63 53 1 1
90 97 5 1 0
93 30 100 1 1
87 38 75 2 1
72 9 1 1 0
67 81 50 1 1
39 98 41 1 1
91 17 83 1 1
93 15 52 1 1
41 42 31 2 1
73 63 88 1 0
26 22 90 1 1
77 43 11 1 1
10 30 70 2 1
84 28 21 1 1
75 89 100 1 1
39 53 33 2 1
83 52 99 2 1
71 48 58 1 0
35 42 22 2 1
54 39 97 1 1
6 53 4 2 1
37 59 21 1 0
24 63 65 1 1
64 49 66 2 1
59 29 38 2 1
76 24 60 1 1
12 47 86 2 1
33 32 83 2 0
76 29 59 2 1
44 55 68 1 1
42 39 98 2 1
21 87 57 2 0
3 39 46 1 1
30 57 29 2 1
23 80 31 2 1
33 38 11 2 1
84 94 8 1 1
10 27 90 2 1
19 92 78 2 1
39 31 98 2 1
75 17 56 2 1
69 50 54 2 1
57 15 2 2 1
98 77 77 1 1
27 9 3 2 1
78 94 86 2 1
99 2 28 1 1
43 75 68 2 1
24 4 68 2 1
95 47 65 2 1
73 61 80 2 1
26 65 65 1 1
67 16 22 1 1
96 53 58 2 1
61 21 57 2 0
89 47 84 1 1
44 92 50 1 1
5 82 64 2 1
100 82 2 2 0
3 76 88 2 1
71 12 6 1 1
18 92 90 1 0
59 71 34 2 1
58 98 38 1 0
89 81 54 2 1
29 60 21 2 1
2 30 20 1 1
81 38 44 2 1
67 95 40 2 1
89 41 94 2 1
53 13 22 2 1
68 45 16 2 1
91 15 22 2 1
76 77 67 2 1
55 72 26 1 1
4 36 58 2 1
76 18 15 2 1
59 87 54 1 1
82 34 90 1 1
18 75 93 2 1
16 76 23 1 1
46 67 54 1 1
39 86 17 1 1
93 84 73 2 1
33 39 43 1 1
92 87 51 1 1
23 49 19 2 1
85 9 90 1 1
48 17 65 2 0
86 2 12 2 0
70 11 87 1 1
58 18 87 2 1
42 4 73 2 0
51 81 41 1 0
5 16 41 1 1
94 48 28 1 1
38 75 74 2 1
91 88 42 2 1
97 2 31 1 1
37 86 65 2 1
83 59 65 1 1
38 74 69 2 1
62 10 90 2 1
20 47 67 1 1
89 42 67 2 1
70 4 58 1 1
6 8 85 2 1
70 60 5 2 0
66 52 52 2 1
63 79 7 1 1
86 69 55 2 1
46 27 27 1 1
96 36 32 1 1
21 50 58 2 1
15 96 91 1 1
14 80 61 2 1
61 47 98 1 1
55 1 72 2 1
79 82 5 2 0
28 80 8 2 0
55 3 89 1 1
4 80 9 2 1
61 76 55 1 1
79 65 15 1 1
99 81 88 1 1
79 34 39 2 1
85 45 100 2 1
92 47 50 1 1
60 33 80 2 0
98 10 17 2 1
47 37 59 2 1
96 28 33 1 1
14 49 28 1 0
74 4 10 2 1
43 5 39 2 1
20 43 47 2 1
67 34 82 2 1
16 73 49 2 0
39 13 41 2 1
32 91 71 1 1
34 87 73 2 1
58 96 22 1 1
19 23 69 1 0
90 20 72 2 1
16 28 84 2 1
50 39 35 2 1
3 5 70 1 1
50 84 24 1 1
58 94 63 2 1
14 67 65 2 1
35 53 84 2 1
81 68 51 1 1
34 69 92 2 0
72 5 79 1 1
18 56 72 2 1
100 85 83 2 1
35 92 89 1 1
8 98 90 1 1
59 38 86 1 1
90 83 59 1 1
14 92 32 1 1
77 47 97 1 1
68 46 45 1 0
68 64 89 2 1
24 59 99 1 1
19 59 83 2 1
29 74 19 1 1
29 81 38 2 1
46 66 97 2 1
6 71 25 1 1
34 48 28 2 1
97 50 64 1 1
58 59 37 2 1
59 4 66 2 1
42 94 95 2 1
25 77 19 2 1
19 26 93 2 1
42 40 52 2 0
10 92 24 1 1
79 12 98 2 1
91 54 43 1 1
90 73 34 2 1
95 78 44 1 1
17 80 93 2 1
41 29 75 2 1
76 46 35 1 1
40 15 11 1 1
16 24 36 1 1
54 95 61 1 1
14 13 12 2 1
95 50 60 1 1
35 96 62 2 1
67 13 87 2 1
50 45 22 1 1
57 38 92 1 1
25 82 50 2 0
81 82 92 2 1
8 27 2 1 1
74 88 12 2 1
11 9 61 2 1
58 88 34 2 1
89 68 13 1 0
47 70 92 2 1
70 5 98 1 1
85 80 90 1 1
74 95 19 1 1
20 21 47 1 1
66 61 40 2 1
61 9 11 2 1
98 93 75 1 1
75 19 31 1 1
77 57 56 1 1
28 3 76 1 1
37 28 37 1 1
45 5 77 2 1
67 23 64 1 1
97 67 22 1 1
65 56 62 2 1
42 100 14 1 1
33 5 15 2 0
2 66 56 1 0
27 97 66 2 1
17 38 4 2 1
24 23 78 1 1
29 52 84 2 1
89 30 57 2 1
13 66 22 2 1
63 47 52 1 1
44 37 76 2 1
4 81 87 1 1
27 100 73 2 1
95 64 82 2 1
44 54 97 2 1
90 64 69 2 1
57 11 88 2 1
68 47 84 2 1
35 8 39 2 1
51 10 17 2 1
62 79 70 1 1
25 100 90 1 1
49 2 97 2 1
62 56 59 1 0
32 31 98 2 0
60 19 7 2 1
42 11 70 1 1
1 67 75 2 1
88 43 38 2 1
69 66 30 2 1
32 65 23 2 1
50 82 8 1 1
18 16 16 2 1
94 18 48 1 1
27 56 48 1 0
33 85 57 2 1
72 46 43 2 0
66 96 28 1 1
3 90 6 2 1
87 11 29 2 1
86 65 87 2 1
78 18 65 2 1
43 10 76 2 1
23 3 2 2 1
92 52 68 1 1
72 14 93 2 1
30 68 81 1 1
67 78 27 2 1
64 82 27 2 1
79 32 12 1 1
90 13 88 1 1
53 42 76 1 1
43 85 18 1 1
47 54 30 1 1
64 30 87 1 1
30 77 89 1 1
93 31 19 2 1
6 85 20 1 1
43 24 77 2 1
32 58 3 1 1
72 76 89 2 1
46 39 2 1 1
56 31 14 2 1
92 80 99 2 1
83 67 17 1 0
74 87 11 1 1
86 74 19 2 1
58 13 9 1 1
40 2 94 2 1
25 52 60 1 0
65 19 60 1 1
10 58 42 2 1
3 57 16 2 1
38 31 33 1 1
53 86 72 2 0
68 71 42 2 1
87 44 77 2 1
80 7 86 1 1
28 75 87 1 1
54 33 78 2 1
16 71 88 2 1
10 99 18 2 1
13 92 82 1 1
47 18 6 2 1
10 85 99 1 1
46 89 82 1 1
37 89 76 2 1
88 47 58 1 1
98 55 68 2 1
12 10 84 2 1
83 14 5 1 0
21 2 85 1 1
3
54
93
97
2
28 75
1 21
87 94
