1
2
3
4
6
5
8
7
9
10
11
12
13
14
15
16
19
17
18
20
21
22
23
24
26
25
27
28
29
30
31
32
33
35
34
36
37
38
39
40
41
42
43
44
46
45
47
48
49
51
50
53
52
54
63
55
56
57
58
59
60
65
61
64
66
62
67
68
71
69
70
72
73
74
75
76
79
77
78
80
81
83
82
85
84
86
87
88
89
90
91
92
93
95
94
96
97
98
99
100
101
102
105
103
104
107
108
106
109
110
112
111
114
113
115
118
116
117
119
120
123
121
122
124
125
126
127
128
129
130
131
132
133
134
135
136
137
138
139
140
141
142
143
144
145
148
146
147
149
150
151
152
153
155
154
156
157
158
159
160
162
161
163
164
165
166
170
167
168
169
171
173
172
174
175
176
177
178
179
182
180
183
181
184
186
185
187
189
188
192
190
191
193
194
195
196
197
198
201
199
200
202
205
203
204
206
207
208
209
210
211
212
214
213
216
215
217
219
218
221
222
223
220
224
225
226
227
228
229
230
231
232
234
233
236
235
237
238
239
240
241
242
243
244
245
246
247
248
250
249
253
251
252
254
255
256
257
258
259
260
265
261
262
263
264
266
267
268
269
270
271
272
273
274
275
276
277
278
279
280
281
283
282
284
291
285
287
286
288
289
295
290
292
293
294
297
299
296
298
300
302
301
303
304
305
306
307
308
309
310
311
312
315
313
317
314
322
316
318
319
320
321
323
324
325
326
327
332
328
329
330
333
331
334
335
336
337
338
339
340
341
342
343
344
348
345
350
346
347
349
351
352
353
355
354
357
358
356
360
364
359
361
362
363
365
372
366
367
368
369
370
371
374
373
375
376
377
379
378
380
382
386
381
383
385
384
387
388
389
390
400
391
392
393
394
397
395
396
398
399
401
402
403
404
405
407
406
408
414
409
410
412
411
413
415
416
417
420
422
418
425
419
421
423
424
426
427
428
429
430
431
432
434
433
435
436
438
437
439
440
441
442
443
444
445
446
447
448
450
449
451
452
455
453
454
456
457
458
460
459
461
462
463
464
465
466
467
468
469
470
471
472
473
474
475
476
478
479
477
480
481
482
484
483
485
486
490
487
488
489
491
492
493
494
495
496
502
497
498
499
500
501
503
504
505
507
506
510
508
509
511
512
514
513
515
516
517
518
519
520
522
521
523
524
525
526
527
528
530
529
531
532
533
534
535
536
537
538
540
539
541
542
543
544
545
546
548
550
547
549
551
552
553
556
554
555
557
558
559
560
561
562
563
564
567
565
566
568
571
569
570
573
575
572
574
576
577
578
579
581
580
582
583
584
585
586
587
588
589
590
591
592
593
594
595
596
597
598
599
600
601
602
603
604
605
608
606
607
609
610
611
612
615
613
614
616
617
618
619
620
621
622
623
624
625
626
627
628
629
630
631
633
634
632
635
638
636
637
639
641
640
642
643
645
644
646
647
648
649
650
652
651
653
654
655
656
659
657
658
660
661
662
663
668
664
665
666
669
670
667
671
672
673
674
675
676
677
678
679
680
682
681
683
685
687
684
686
688
689
690
691
695
692
694
693
696
697
698
699
700
701
702
703
705
704
706
707
708
714
709
710
711
712
713
715
716
717
718
719
720
724
721
722
723
725
726
727
728
729
730
731
734
732
733
735
736
737
738
739
740
741
743
742
744
745
746
747
748
749
750
751
752
753
754
756
755
757
758
759
760
761
762
763
764
765
766
768
767
769
770
774
771
772
773
775
776
777
778
779
780
781
782
783
784
786
785
787
788
789
790
791
792
793
794
795
796
798
797
799
800
801
802
803
804
805
807
806
808
809
810
812
811
813
814
815
817
816
819
818
824
820
821
822
825
823
826
827
828
829
830
831
832
835
833
834
837
836
838
839
840
842
841
843
844
845
847
846
848
849
850
851
852
853
854
855
856
857
859
858
861
860
862
863
864
865
866
867
868
869
873
870
871
872
874
878
879
875
880
876
881
877
882
883
884
886
885
887
888
890
889
892
891
893
894
895
896
900
897
898
899
901
902
903
904
908
905
906
914
907
909
912
910
911
913
915
916
918
917
919
921
920
922
923
924
925
926
927
928
930
929
932
931
933
934
935
936
937
938
939
940
941
944
945
942
943
946
947
948
949
952
950
951
953
954
955
958
956
957
959
961
960
962
963
964
965
966
970
967
968
969
971
972
973
974
975
976
977
981
978
979
980
982
983
984
985
986
987
988
989
990
991
992
993
994
996
995
997
998
999
1000
