1
1
2
1
3
3
1
4
6
4
1
5
10
10
5
1
6
15
20
15
6
1
7
21
35
35
21
7
1
8
28
56
70
56
28
8
1
9
36
84
126
126
84
36
9
0
10
45
120
210
252
210
120
45
0
0
11
55
165
330
462
462
330
165
0
0
0
12
66
220
495
792
924
792
495
0
0
0
0
13
78
286
715
1287
1716
1716
1287
0
0
0
0
0
14
91
364
1001
2002
3003
3432
3003
0
0
0
0
0
0
15
105
455
1365
3003
5005
6435
6435
0
0
0
0
0
0
0
16
120
560
1820
4368
8008
11440
12870
0
0
0
0
0
0
0
0
17
136
680
2380
6188
12376
19448
24310
0
0
0
0
0
0
0
0
0
18
153
816
3060
8568
18564
31824
43758
0
0
0
0
0
0
0
0
0
0
19
171
969
3876
11628
27132
50388
75582
0
0
0
0
0
0
0
0
0
0
0
20
190
1140
4845
15504
38760
77520
125970
0
0
0
0
0
0
0
0
0
0
0
0
21
210
1330
5985
20349
54264
116280
203490
0
0
0
0
0
0
0
0
0
0
0
0
0
22
231
1540
7315
26334
74613
170544
319770
0
0
0
0
0
0
0
0
0
0
0
0
0
0
23
253
1771
8855
33649
100947
245157
490314
0
0
0
0
0
0
0
0
0
0
0
0
0
0
0
24
276
2024
10626
42504
134596
346104
735471
0
0
0
0
0
0
0
0
0
0
0
0
0
0
0
0
25
300
2300
12650
53130
177100
480700
1081575
0
0
0
0
0
0
0
0
0
0
0
0
0
0
0
0
0
26
325
2600
14950
65780
230230
657800
1562275
0
0
0
0
0
0
0
0
0
0
0
0
0
0
0
0
0
0
27
351
2925
17550
80730
296010
888030
2220075
0
0
0
0
0
0
0
0
0
0
0
0
0
0
0
0
0
0
0
28
378
3276
20475
98280
376740
1184040
3108105
0
0
0
0
0
0
0
0
0
0
0
0
0
0
0
0
0
0
0
0
29
406
3654
23751
118755
475020
1560780
4292145
0
0
0
0
0
0
0
0
0
0
0
0
0
0
0
0
0
0
0
0
0
30
435
4060
27405
142506
593775
2035800
5852925
0
0
0
0
0
0
0
0
0
0
0
0
0
0
0
0
0
0
0
0
0
0
31
465
4495
31465
169911
736281
2629575
7888725
0
0
0
0
0
0
0
0
0
0
0
0
0
0
0
0
0
0
0
0
0
0
0
32
496
4960
35960
201376
906192
3365856
10518300
0
0
0
0
0
0
0
0
0
0
0
0
0
0
0
0
0
0
0
0
0
0
0
0
33
528
5456
40920
237336
1107568
4272048
13884156
0
0
0
0
0
0
0
0
0
0
0
0
0
0
0
0
0
0
0
0
0
0
0
0
0
34
561
5984
46376
278256
1344904
5379616
18156204
0
0
0
0
0
0
0
0
0
0
0
0
0
0
0
0
0
0
0
0
0
0
0
0
0
0
35
595
6545
52360
324632
6724520
0
0
0
0
0
0
0
0
0
0
0
0
0
0
630
58905
1947792
30260340
0
0
0
0
0
0
0
0
0
0
0
0
0
0
666
66045
2324784
38608020
0
0
0
0
0
0
0
0
0
0
0
0
0
0
38
8436
501942
12620256
0
0
0
0
0
0
0
0
0
0
0
0
0
0
0
39
9139
575757
15380937
0
0
0
0
0
0
0
0
0
0
0
0
0
0
0
0
780
91390
3838380
76904685
0
0
0
0
0
0
0
0
0
0
0
0
0
0
0
0
820
101270
4496388
95548245
0
0
0
0
0
0
0
0
0
0
0
0
0
0
0
0
42
11480
850668
26978328
0
0
0
0
0
0
0
0
0
0
0
0
0
0
0
0
0
43
12341
962598
32224114
0
0
0
0
0
0
0
0
0
0
0
0
0
0
0
0
0
0
946
135751
7059052
177232627
0
0
0
0
0
0
0
0
0
0
0
0
0
0
0
0
0
0
990
148995
8145060
215553195
