10
HIDrzowkkDwlrbbmqbh 30 98 72 72 89 84 100 82 92 75 83 97 92 70 74 71 87 94 100 98 86 73 96 90 71 92 94 77 72 94 90
OQHmpapqfwkhopkmLdyggxxpklore 52 70 98 80 70 86 71 72 88 88 97 89 77 89 74 89 81 87 85 74 96 98 97 96 72 97 96 70 83 97 89 90 97 84 99 95 70 100 98 86 85 92 72 91 78 76 77 87 94 90 91 87 88
PQCffbsaqxQfadrrwsofsbcnu 65 97 73 98 84 85 73 70 77 74 78 90 99 98 70 88 85 79 71 88 72 75 94 84 87 72 72 85 75 81 72 94 75 75 91 88 88 92 88 96 95 94 83 93 89 84 78 73 91 78 92 91 83 83 74 98 85 74 80 89 84 83 80 87 86 99
SPQtqkvwcsRlcgdewhtacioh 17 74 83 76 76 73 95 100 86 76 77 91 75 98 72 78 75 94
UBElnsadeuguumoqcdWdgwpbt 88 97 86 74 89 91 81 79 83 90 79 81 86 96 94 85 85 89 90 81 87 89 73 99 92 71 100 70 97 72 85 96 97 71 100 85 90 78 95 72 99 71 81 84 97 73 99 82 92 86 91 77 74 92 73 94 94 72 95 88 74 77 83 100 78 83 84 96 91 78 96 87 80 77 99 74 80 95 84 100 80 74 76 82 95 78 76 88 80
UCXskpggkbbipzzrCulyeimuotehzri 53 98 73 96 92 81 81 94 82 82 71 90 82 83 75 76 79 88 80 78 77 97 70 74 87 81 80 75 93 96 98 89 94 70 84 85 79 93 76 91 75 77 78 85 88 83 91 98 71 70 73 76 96 73
VUDxqmbfjxjIxnspusgd 78 98 73 87 74 99 90 83 79 72 71 93 74 83 73 96 89 82 98 76 99 93 70 76 93 99 90 75 85 86 78 97 82 80 83 84 78 71 95 85 71 94 77 73 76 78 97 93 89 95 98 87 87 98 91 78 94 80 81 77 95 90 73 74 100 87 88 75 86 82 91 87 75 96 88 79 72 85 72
JUJbbqcwivrfOhsenbppkqtpddb 48 88 75 80 80 98 74 81 83 79 92 76 73 90 70 74 87 81 88 88 75 84 78 84 82 91 80 88 77 90 96 82 75 99 91 85 96 95 95 77 73 84 81 75 74 81 79 89 90
RCZifwovyddwyvvbUbzvafspqpq 11 96 70 88 78 72 76 79 84 83 88 84
ANLlzbknhkwpFneslsplwuiu 50 75 78 84 80 97 95 95 72 70 80 95 72 100 83 87 98 71 87 82 81 98 76 83 75 88 92 84 74 79 76 75 84 84 89 95 78 82 87 80 82 95 73 82 95 86 97 92 88 84 71
